#F HS/log241219-HS
#E 1734568134
#D Thu Dec 19 09:28:54 2024
#C spec  User = ID9A
#O0  Motor 0   Motor 1   Motor 2   Motor 3   Motor 4   Motor 5   Motor 6   Motor 7
#O1  Motor 8   Motor 9  Motor 10  Motor 11  Motor 12  Motor 13  Motor 14  Motor 15
#O2 Motor 16  Motor 17  Motor 18  Motor 19  Motor 20  Motor 21     spare  MASK1_VER_Lower
#O3 MASK1_HOR_Ring  MASK2_VER_Upper  MASK2_HOR_Hall     spare  FE_WM_VER  FE_WM_HOR  FE_SL_BOT  FE_SL_TOP
#O4 FE_SL_RING  FE_SL_HALL   SL1_TOP   SL1_BOT  SL1_HALL  SL1_RING     spare     spare
#O5  WM1_VER   WM1_HOR   SL2_TOP   SL2_BOT  SL2_HALL  SL2_RING   DCM_HOR   DCM_VER
#O6 DCM_BRAGG    DCM_T2  DCM_ROLL1  DCM_PITCH2     spare     spare  HFM F_VER  HFM RING_VER
#O7 HFM HALL_VER  HFM F_HOR  HFM R_HOR  HFM BENDER     spare     spare  VFM F_VER  VFM RING_VER
#O8 VFM HALL_VER  VFM F_HOR  VFM R_HOR  VFM BENDER     spare     spare   WM2_VER   WM2_HOR
#O9  SL3_TOP   SL3_BOT  SL3_HALL  SL3_RING   WM3_VER   WM3_HOR  SPT1_F_VER  SPT1_F_HOR
#O10 SPT1_R_VER  SPT1_R_HOR  SPT2_F_VER  SPT2_F_HOR  SPT2_R_VER  SPT2_R_HOR  VME Fault  H_SL1_TOP
#O11 H_SL1_BOT  H_SL1_HALL  H_SL1_RING       m70       PHI     spare  OTBL_F_HOR  OTBL_R_HOR
#O12 OTBL_F_VER  OTBL_R_VER     spare     spare  BSTP_HOR  BSTP_VER   FLT_INS    XR_VER
#O13 STG1_VER  STG1_HOR   CCD_VER   CCD_ROT   CCD_HOR  CCD_PITCH  STG2_MOV  STG2_VER
#O14 STG2_HOR  SAMP_MOV  SAMP_VER  SAMP_ROLL   SAMP_TH    XR_HOR       m97       m98
#O15      m99      m100      m101      m102      m103     THETA  STG3_phi  STG3_hor
#O16 STG3_roll  STG3_theta  STG3_ver    STG3_x  STG3_Cver  STG3_Mhor  STG4_Mhor  STG4_phi
#O17   STG4_y    STG4_x   STG4_z2  STG4_pitch  STG4_roll   STG4_z1  
#B PLS9A
#Z /mnt/storage/users/PLS_9AManager/2024-12-19/HS/HS-19.78keV_Lgpouch_att0_sucrose_1sec_0001.tif 1.0 0 12860 299.55 19.780 0.6268 0.0 0.0 123.4 1529.0 Thu Dec 19 09:41:14 2024

#S 1  ascan  s2ver -13.5598 -3.5598  20 0.5
#D Thu Dec 19 13:12:09 2024
#T 0.5  (sec)
#G0 0
#G1 0
#G3 0
#G4 0
#Q 
#P0 0.4 430.65 23 -15.49 0.4 0.4 0.4 0.4
#P1 0.4 0.4 0.4 0.4 0.4 0.4 0.4 -0.3875
#P2 0.4 0.4 0.4 0.4 3.6 -3.3 1304.33 1.23524
#P3 -33.8332 1.14226 0 10 0 0 -18.9181 7.35326
#P4 17.96558 21.21894 36.64289 0 0 0 -631.89 -588.5
#P5 -16.5238 6.6292 0.254 0 0 0 -54.3775 -6.251
#P6 5.7362625 12.562741 -0.0300188 0.10707368 0 0 -20.9993 -20.9998
#P7 -20.9993 -0.05011996 0.55013996 -1.6565953 0 0.001 -1.8365 -3.7601
#P8 -3.758 -20 -20 -4.050956 0 0 9.9058 -26.9212
#P9 2.1746845 -1.264158 -4.9800055 0.5942855 0 0 4.8687008 0
#P10 0.02320128 0 -2.9874987 0.2935 -2.4190864 0.0235 0 0
#P11 0 0 0 -11.12083 12.922 0 8.92548 6.92436
#P12 -18.758 -19.450865 -2 -1.25 10.7291 1.6628 2.5 205
#P13 0 -14.2 -41.854493 0.2 9.00625 7.6192 0.02002 -8.5598
#P14 5.7495 1.450176 0 0 0 8.1 84.232 -166.5636
#P15 31.866 -8.6696 142.182 -518.0756 -57 0 0 0
#P16 -0.34051 0 0 -1.9 0 0.000428 -0.0125 0
#P17 0 0 -0.7 0 2.457708 0.1375 
#N 11
#L STG2_VER    Epoch  sec  IC1  PD1  IC2  PD2  ct1  ct2  BS  BS
-13.5598  13399.633 0.5 0 0 0 0 5 0 2 2
-13.0598  13401.795 0.5 0 0 0 0 5 0 2 2
-12.5598  13403.950 0.5 0 0 0 0 5 0 3 3
-12.0598  13406.105 0.5 0 0 0 0 4 0 3 3
-11.5598  13408.269 0.5 0 0 0 0 4 0 2 2
-11.0598  13410.433 0.5 0 0 0 0 5 0 2 2
-10.5598  13412.587 0.5 0 0 0 0 2 0 2208 2208
-10.0598  13414.742 0.5 0 0 0 0 2 0 2220 2220
-9.5598  13416.896 0.5 0 0 0 0 2 0 2228 2228
-9.0598  13419.060 0.5 0 0 0 0 2 0 2222 2222
-8.5598  13421.213 0.5 0 0 0 0 1 0 2220 2220
-8.0598  13423.347 0.5 0 0 0 0 1 0 2229 2229
-7.5598  13425.502 0.5 0 0 0 0 1 0 2216 2216
-7.0598  13427.658 0.5 0 0 0 0 2 0 2212 2212
-6.5598  13429.823 0.5 0 0 0 0 3 0 2220 2220
-6.0598  13431.978 0.5 0 0 0 0 5 0 6 6
-5.5598  13434.143 0.5 0 0 0 0 4 0 3 3
-5.0598  13436.299 0.5 0 0 0 0 4 0 2 2
-4.5598  13438.454 0.5 0 0 0 0 4 0 2 2
-4.0598  13440.609 0.5 0 0 0 0 4 0 3 3
-3.5598  13442.744 0.5 0 0 0 0 5 0 2 2

#S 2  ascan  s2hor 0.7495 10.7495  20 0.5
#D Thu Dec 19 13:13:02 2024
#T 0.5  (sec)
#G0 0
#G1 0
#G3 0
#G4 0
#Q 
#P0 0.4 430.65 23 -15.49 0.4 0.4 0.4 0.4
#P1 0.4 0.4 0.4 0.4 0.4 0.4 0.4 -0.3875
#P2 0.4 0.4 0.4 0.4 3.6 -3.3 1304.33 1.23524
#P3 -33.8332 1.14226 0 10 0 0 -18.9181 7.35326
#P4 17.96558 21.21894 36.64289 0 0 0 -631.89 -588.5
#P5 -16.5238 6.6292 0.254 0 0 0 -54.3775 -6.251
#P6 5.7362625 12.562741 -0.0300188 0.10707368 0 0 -20.9993 -20.9998
#P7 -20.9993 -0.05011996 0.55013996 -1.6565953 0 0.001 -1.8365 -3.7601
#P8 -3.758 -20 -20 -4.050956 0 0 9.9058 -26.9212
#P9 2.1746845 -1.264158 -4.9800055 0.5942855 0 0 4.8687008 0
#P10 0.02320128 0 -2.9874987 0.2935 -2.4190864 0.0235 0 0
#P11 0 0 0 -11.12083 12.922 0 8.92548 6.92436
#P12 -18.758 -19.450865 -2 -1.25 10.7291 1.6628 2.5 205
#P13 0 -14.2 -41.854493 0.2 9.00625 7.6192 0.02002 -8.5589
#P14 5.7495 1.450176 0 0 0 8.1 84.232 -166.5636
#P15 31.866 -8.6696 142.182 -518.0756 -57 0 0 0
#P16 -0.34051 0 0 -1.9 0 0.000428 -0.0125 0
#P17 0 0 -0.7 0 2.457708 0.1375 
#N 11
#L STG2_HOR    Epoch  sec  IC1  PD1  IC2  PD2  ct1  ct2  BS  BS
0.7495  13451.525 0.5 0 0 0 0 3 0 3 3
1.2495  13453.695 0.5 0 0 0 0 5 0 3 3
1.7495  13455.840 0.5 0 0 0 0 5 0 2 2
2.2495  13457.995 0.5 0 0 0 0 5 0 2 2
2.7495  13460.149 0.5 0 0 0 0 5 0 36 36
3.2495  13462.294 0.5 0 0 0 0 2 0 2239 2239
3.7495  13464.439 0.5 0 0 0 0 2 0 2224 2224
4.2495  13466.593 0.5 0 0 0 0 3 0 2219 2219
4.7495  13468.738 0.5 0 0 0 0 3 0 2218 2218
5.2495  13470.882 0.5 0 0 0 0 2 0 2217 2217
5.7495  13473.027 0.5 0 0 0 0 2 0 2220 2220
6.2495  13475.162 0.5 0 0 0 0 2 0 2216 2216
6.7495  13477.307 0.5 0 0 0 0 2 0 2222 2222
7.2495  13479.451 0.5 0 0 0 0 3 0 1366 1366
7.7495  13481.606 0.5 0 0 0 0 4 0 3 3
8.2495  13483.751 0.5 0 0 0 0 4 0 3 3
8.7495  13485.895 0.5 0 0 0 0 4 0 3 3
9.2495  13488.040 0.5 0 0 0 0 4 0 2 2
9.7495  13490.196 0.5 0 0 0 0 3 0 2 2
10.2495  13492.351 0.5 0 0 0 0 3 0 3 3
10.7495  13494.495 0.5 0 0 0 0 4 0 3 3
#Z /mnt/storage/users/PLS_9AManager/2024-12-19/HS/HS-test_0002.tif 1.0 0 971 301.97 19.780 0.6268 0.0 0.0 24.2 1529.0 Thu Dec 19 13:14:52 2024
#Z /mnt/storage/users/PLS_9AManager/2024-12-19/HS-LG_1st_250C_1_0003.tif 1.0 0 980 300.55 19.780 0.6268 0.0 0.0 23.4 1529.0 Thu Dec 19 13:19:15 2024
#Z /mnt/storage/users/PLS_9AManager/2024-12-19/HS-LG_1st_250C_2_0004.tif 1.0 0 980 300.19 19.780 0.6268 0.0 0.0 52.1 1529.0 Thu Dec 19 13:19:47 2024
#Z /mnt/storage/users/PLS_9AManager/2024-12-19/HS-LG_1st_250C_3_0005.tif 1.0 0 979 299.84 19.780 0.6268 0.0 0.0 52.9 1529.0 Thu Dec 19 13:20:18 2024
#Z /mnt/storage/users/PLS_9AManager/2024-12-19/HS-LG_1st_250C_4_0006.tif 1.0 0 977 299.49 19.780 0.6268 0.0 0.0 49.9 1529.0 Thu Dec 19 13:20:50 2024
#Z /mnt/storage/users/PLS_9AManager/2024-12-19/HS-LG_1st_250C_5_0007.tif 1.0 0 982 301.48 19.780 0.6268 0.0 0.0 47.4 1529.0 Thu Dec 19 13:21:21 2024
#Z /mnt/storage/users/PLS_9AManager/2024-12-19/HS-LG_1st_250C_6_0008.tif 1.0 0 977 301.13 19.780 0.6268 0.0 0.0 45.4 1529.0 Thu Dec 19 13:21:53 2024
#Z /mnt/storage/users/PLS_9AManager/2024-12-19/HS-LG_1st_250C_7_0009.tif 1.0 0 983 300.78 19.780 0.6268 0.0 0.0 43.7 1529.0 Thu Dec 19 13:22:24 2024
#Z /mnt/storage/users/PLS_9AManager/2024-12-19/HS-LG_1st_250C_8_0010.tif 1.0 0 979 300.42 19.780 0.6268 0.0 0.0 42.3 1529.0 Thu Dec 19 13:22:56 2024
#Z /mnt/storage/users/PLS_9AManager/2024-12-19/HS-LG_1st_250C_9_0011.tif 1.0 0 980 300.07 19.780 0.6268 0.0 0.0 42.8 1529.0 Thu Dec 19 13:23:27 2024
#Z /mnt/storage/users/PLS_9AManager/2024-12-19/HS-LG_1st_250C_10_0012.tif 1.0 0 974 299.71 19.780 0.6268 0.0 0.0 45.3 1529.0 Thu Dec 19 13:23:59 2024
#Z /mnt/storage/users/PLS_9AManager/2024-12-19/HS-LG_1st_250C_11_0013.tif 1.0 0 983 301.58 19.780 0.6268 0.0 0.0 48.2 1529.0 Thu Dec 19 13:24:31 2024
#Z /mnt/storage/users/PLS_9AManager/2024-12-19/HS-LG_1st_250C_12_0014.tif 1.0 0 976 301.22 19.780 0.6268 0.0 0.0 51.1 1529.0 Thu Dec 19 13:25:02 2024
#Z /mnt/storage/users/PLS_9AManager/2024-12-19/HS-LG_1st_250C_13_0015.tif 1.0 0 981 300.87 19.780 0.6268 0.0 0.0 53.9 1529.0 Thu Dec 19 13:25:34 2024
#Z /mnt/storage/users/PLS_9AManager/2024-12-19/HS-LG_1st_250C_14_0016.tif 1.0 0 979 300.51 19.780 0.6268 0.0 0.0 56.5 1529.0 Thu Dec 19 13:26:05 2024
#Z /mnt/storage/users/PLS_9AManager/2024-12-19/HS-LG_1st_250C_15_0017.tif 1.0 0 975 300.16 19.780 0.6268 0.0 0.0 59.1 1529.0 Thu Dec 19 13:26:36 2024
#Z /mnt/storage/users/PLS_9AManager/2024-12-19/HS-LG_1st_250C_16_0018.tif 1.0 0 980 299.81 19.780 0.6268 0.0 0.0 61.6 1529.0 Thu Dec 19 13:27:08 2024
#Z /mnt/storage/users/PLS_9AManager/2024-12-19/HS-LG_1st_250C_17_0019.tif 1.0 0 985 301.79 19.780 0.6268 0.0 0.0 61.6 1529.0 Thu Dec 19 13:27:39 2024
#Z /mnt/storage/users/PLS_9AManager/2024-12-19/HS-LG_1st_250C_18_0020.tif 1.0 0 983 301.45 19.780 0.6268 0.0 0.0 61.6 1529.0 Thu Dec 19 13:28:11 2024
#Z /mnt/storage/users/PLS_9AManager/2024-12-19/HS-LG_1st_250C_19_0021.tif 1.0 0 982 301.09 19.780 0.6268 0.0 0.0 61.6 1529.0 Thu Dec 19 13:28:42 2024
#Z /mnt/storage/users/PLS_9AManager/2024-12-19/HS-LG_1st_250C_20_0022.tif 1.0 0 979 300.72 19.780 0.6268 0.0 0.0 61.6 1529.0 Thu Dec 19 13:29:14 2024
#Z /mnt/storage/users/PLS_9AManager/2024-12-19/HS-LG_1st_250C_21_0023.tif 1.0 0 980 300.38 19.780 0.6268 0.0 0.0 74.9 1529.0 Thu Dec 19 13:29:45 2024
#Z /mnt/storage/users/PLS_9AManager/2024-12-19/HS-LG_1st_250C_22_0024.tif 1.0 0 985 300.02 19.780 0.6268 0.0 0.0 77.6 1529.0 Thu Dec 19 13:30:17 2024
#Z /mnt/storage/users/PLS_9AManager/2024-12-19/HS-LG_1st_250C_23_0025.tif 1.0 0 982 301.88 19.780 0.6268 0.0 0.0 80.3 1529.0 Thu Dec 19 13:30:48 2024
#Z /mnt/storage/users/PLS_9AManager/2024-12-19/HS-LG_1st_250C_24_0026.tif 1.0 0 985 301.59 19.780 0.6268 0.0 0.0 82.9 1529.0 Thu Dec 19 13:31:20 2024
#Z /mnt/storage/users/PLS_9AManager/2024-12-19/HS-LG_1st_250C_25_0027.tif 1.0 0 985 301.24 19.780 0.6268 0.0 0.0 85.4 1529.0 Thu Dec 19 13:31:51 2024
#Z /mnt/storage/users/PLS_9AManager/2024-12-19/HS-LG_1st_250C_26_0028.tif 1.0 0 981 300.90 19.780 0.6268 0.0 0.0 88.0 1529.0 Thu Dec 19 13:32:23 2024
#Z /mnt/storage/users/PLS_9AManager/2024-12-19/HS-LG_1st_250C_27_0029.tif 1.0 0 985 300.54 19.780 0.6268 0.0 0.0 90.7 1529.0 Thu Dec 19 13:32:54 2024
#Z /mnt/storage/users/PLS_9AManager/2024-12-19/HS-LG_1st_250C_28_0030.tif 1.0 0 980 300.20 19.780 0.6268 0.0 0.0 93.3 1529.0 Thu Dec 19 13:33:25 2024
#Z /mnt/storage/users/PLS_9AManager/2024-12-19/HS-LG_1st_250C_29_0031.tif 1.0 0 979 300.57 19.780 0.6268 0.0 0.0 95.9 1529.0 Thu Dec 19 13:33:56 2024
#Z /mnt/storage/users/PLS_9AManager/2024-12-19/HS-LG_1st_250C_30_0032.tif 1.0 0 987 301.85 19.780 0.6268 0.0 0.0 98.5 1529.0 Thu Dec 19 13:34:28 2024
#Z /mnt/storage/users/PLS_9AManager/2024-12-19/HS-LG_1st_250C_31_0033.tif 1.0 0 989 301.53 19.780 0.6268 0.0 0.0 101.1 1529.0 Thu Dec 19 13:34:59 2024
#Z /mnt/storage/users/PLS_9AManager/2024-12-19/HS-LG_1st_250C_32_0034.tif 1.0 0 984 301.19 19.780 0.6268 0.0 0.0 103.7 1529.0 Thu Dec 19 13:35:31 2024
#Z /mnt/storage/users/PLS_9AManager/2024-12-19/HS-LG_1st_250C_33_0035.tif 1.0 0 982 300.86 19.780 0.6268 0.0 0.0 106.4 1529.0 Thu Dec 19 13:36:03 2024
#Z /mnt/storage/users/PLS_9AManager/2024-12-19/HS-LG_1st_250C_34_0036.tif 1.0 0 980 300.53 19.780 0.6268 0.0 0.0 109.0 1529.0 Thu Dec 19 13:36:34 2024
#Z /mnt/storage/users/PLS_9AManager/2024-12-19/HS-LG_1st_250C_35_0037.tif 1.0 0 984 300.21 19.780 0.6268 0.0 0.0 111.7 1529.0 Thu Dec 19 13:37:06 2024
#Z /mnt/storage/users/PLS_9AManager/2024-12-19/HS-LG_1st_250C_36_0038.tif 1.0 0 989 301.63 19.780 0.6268 0.0 0.0 114.3 1529.0 Thu Dec 19 13:37:37 2024
#Z /mnt/storage/users/PLS_9AManager/2024-12-19/HS-LG_1st_250C_37_0039.tif 1.0 0 988 301.30 19.780 0.6268 0.0 0.0 116.9 1529.0 Thu Dec 19 13:38:09 2024
#Z /mnt/storage/users/PLS_9AManager/2024-12-19/HS-LG_1st_250C_38_0040.tif 1.0 0 983 300.96 19.780 0.6268 0.0 0.0 119.6 1529.0 Thu Dec 19 13:38:40 2024
#Z /mnt/storage/users/PLS_9AManager/2024-12-19/HS-LG_1st_250C_39_0041.tif 1.0 0 1013 300.64 19.780 0.6268 0.0 0.0 122.2 1529.0 Thu Dec 19 13:39:12 2024
#Z /mnt/storage/users/PLS_9AManager/2024-12-19/HS-LG_1st_250C_40_0042.tif 1.0 0 979 300.30 19.780 0.6268 0.0 0.0 124.9 1529.0 Thu Dec 19 13:39:43 2024
#Z /mnt/storage/users/PLS_9AManager/2024-12-19/HS-LG_1st_250C_41_0043.tif 1.0 0 978 299.97 19.780 0.6268 0.0 0.0 127.5 1529.0 Thu Dec 19 13:40:15 2024
#Z /mnt/storage/users/PLS_9AManager/2024-12-19/HS-LG_1st_250C_42_0044.tif 1.0 0 986 301.38 19.780 0.6268 0.0 0.0 130.1 1529.0 Thu Dec 19 13:40:46 2024
#Z /mnt/storage/users/PLS_9AManager/2024-12-19/HS-LG_1st_250C_43_0045.tif 1.0 0 978 301.04 19.780 0.6268 0.0 0.0 132.7 1529.0 Thu Dec 19 13:41:18 2024
#Z /mnt/storage/users/PLS_9AManager/2024-12-19/HS-LG_1st_250C_44_0046.tif 1.0 0 986 300.71 19.780 0.6268 0.0 0.0 135.3 1529.0 Thu Dec 19 13:41:49 2024
#Z /mnt/storage/users/PLS_9AManager/2024-12-19/HS-LG_1st_250C_45_0047.tif 1.0 0 980 300.38 19.780 0.6268 0.0 0.0 138.0 1529.0 Thu Dec 19 13:42:21 2024
#Z /mnt/storage/users/PLS_9AManager/2024-12-19/HS-LG_1st_250C_46_0048.tif 1.0 0 985 300.05 19.780 0.6268 0.0 0.0 140.5 1529.0 Thu Dec 19 13:42:53 2024
#Z /mnt/storage/users/PLS_9AManager/2024-12-19/HS-LG_1st_250C_47_0049.tif 1.0 0 982 299.72 19.780 0.6268 0.0 0.0 143.2 1529.0 Thu Dec 19 13:43:24 2024
#Z /mnt/storage/users/PLS_9AManager/2024-12-19/HS-LG_1st_250C_48_0050.tif 1.0 0 989 301.56 19.780 0.6268 0.0 0.0 145.8 1529.0 Thu Dec 19 13:43:56 2024
#Z /mnt/storage/users/PLS_9AManager/2024-12-19/HS-LG_1st_250C_49_0051.tif 1.0 0 979 301.23 19.780 0.6268 0.0 0.0 148.5 1529.0 Thu Dec 19 13:44:27 2024
#Z /mnt/storage/users/PLS_9AManager/2024-12-19/HS-LG_1st_250C_50_0052.tif 1.0 0 984 300.90 19.780 0.6268 0.0 0.0 151.1 1529.0 Thu Dec 19 13:44:59 2024
#Z /mnt/storage/users/PLS_9AManager/2024-12-19/HS-LG_1st_250C_51_0053.tif 1.0 0 991 300.58 19.780 0.6268 0.0 0.0 153.8 1529.0 Thu Dec 19 13:45:31 2024
#Z /mnt/storage/users/PLS_9AManager/2024-12-19/HS-LG_1st_250C_52_0054.tif 1.0 0 990 300.24 19.780 0.6268 0.0 0.0 156.5 1529.0 Thu Dec 19 13:46:02 2024
#Z /mnt/storage/users/PLS_9AManager/2024-12-19/HS-LG_1st_250C_53_0055.tif 1.0 0 987 299.91 19.780 0.6268 0.0 0.0 159.1 1529.0 Thu Dec 19 13:46:34 2024
#Z /mnt/storage/users/PLS_9AManager/2024-12-19/HS-LG_1st_250C_54_0056.tif 1.0 0 992 301.87 19.780 0.6268 0.0 0.0 161.7 1529.0 Thu Dec 19 13:47:05 2024
#Z /mnt/storage/users/PLS_9AManager/2024-12-19/HS-LG_1st_250C_55_0057.tif 1.0 0 996 301.54 19.780 0.6268 0.0 0.0 164.4 1529.0 Thu Dec 19 13:47:37 2024
#Z /mnt/storage/users/PLS_9AManager/2024-12-19/HS-LG_1st_250C_56_0058.tif 1.0 0 993 301.22 19.780 0.6268 0.0 0.0 166.9 1529.0 Thu Dec 19 13:48:09 2024
#Z /mnt/storage/users/PLS_9AManager/2024-12-19/HS-LG_1st_250C_57_0059.tif 1.0 0 996 300.88 19.780 0.6268 0.0 0.0 169.6 1529.0 Thu Dec 19 13:48:40 2024
#Z /mnt/storage/users/PLS_9AManager/2024-12-19/HS-LG_1st_250C_58_0060.tif 1.0 0 988 300.56 19.780 0.6268 0.0 0.0 172.1 1529.0 Thu Dec 19 13:49:12 2024
#Z /mnt/storage/users/PLS_9AManager/2024-12-19/HS-LG_1st_250C_59_0061.tif 1.0 0 997 300.23 19.780 0.6268 0.0 0.0 174.9 1529.0 Thu Dec 19 13:49:43 2024
#Z /mnt/storage/users/PLS_9AManager/2024-12-19/HS-LG_1st_250C_60_0062.tif 1.0 0 998 301.81 19.780 0.6268 0.0 0.0 177.6 1529.0 Thu Dec 19 13:50:15 2024
#Z /mnt/storage/users/PLS_9AManager/2024-12-19/HS-LG_1st_250C_61_0063.tif 1.0 0 999 301.48 19.780 0.6268 0.0 0.0 180.3 1529.0 Thu Dec 19 13:50:46 2024
#Z /mnt/storage/users/PLS_9AManager/2024-12-19/HS-LG_1st_250C_62_0064.tif 1.0 0 1002 301.15 19.780 0.6268 0.0 0.0 182.9 1529.0 Thu Dec 19 13:51:18 2024
#Z /mnt/storage/users/PLS_9AManager/2024-12-19/HS-LG_1st_250C_63_0065.tif 1.0 0 996 300.82 19.780 0.6268 0.0 0.0 185.4 1529.0 Thu Dec 19 13:51:49 2024
#Z /mnt/storage/users/PLS_9AManager/2024-12-19/HS-LG_1st_250C_64_0066.tif 1.0 0 996 300.49 19.780 0.6268 0.0 0.0 188.1 1529.0 Thu Dec 19 13:52:21 2024
#Z /mnt/storage/users/PLS_9AManager/2024-12-19/HS-LG_1st_250C_65_0067.tif 1.0 0 997 300.17 19.780 0.6268 0.0 0.0 190.7 1529.0 Thu Dec 19 13:52:52 2024
#Z /mnt/storage/users/PLS_9AManager/2024-12-19/HS-LG_1st_250C_66_0068.tif 1.0 0 999 301.68 19.780 0.6268 0.0 0.0 193.3 1529.0 Thu Dec 19 13:53:24 2024
#Z /mnt/storage/users/PLS_9AManager/2024-12-19/HS-LG_1st_250C_67_0069.tif 1.0 0 1000 301.35 19.780 0.6268 0.0 0.0 195.9 1529.0 Thu Dec 19 13:53:56 2024
#Z /mnt/storage/users/PLS_9AManager/2024-12-19/HS-LG_1st_250C_68_0070.tif 1.0 0 1001 301.02 19.780 0.6268 0.0 0.0 198.6 1529.0 Thu Dec 19 13:54:27 2024
#Z /mnt/storage/users/PLS_9AManager/2024-12-19/HS-LG_1st_250C_69_0071.tif 1.0 0 997 300.70 19.780 0.6268 0.0 0.0 201.2 1529.0 Thu Dec 19 13:54:59 2024
#Z /mnt/storage/users/PLS_9AManager/2024-12-19/HS-LG_1st_250C_70_0072.tif 1.0 0 997 300.37 19.780 0.6268 0.0 0.0 203.9 1529.0 Thu Dec 19 13:55:30 2024
#Z /mnt/storage/users/PLS_9AManager/2024-12-19/HS-LG_1st_250C_71_0073.tif 1.0 0 997 300.03 19.780 0.6268 0.0 0.0 206.4 1529.0 Thu Dec 19 13:56:02 2024
#Z /mnt/storage/users/PLS_9AManager/2024-12-19/HS-LG_1st_250C_72_0074.tif 1.0 0 1002 301.75 19.780 0.6268 0.0 0.0 209.0 1529.0 Thu Dec 19 13:56:33 2024
#Z /mnt/storage/users/PLS_9AManager/2024-12-19/HS-LG_1st_250C_73_0075.tif 1.0 0 1006 301.41 19.780 0.6268 0.0 0.0 211.6 1529.0 Thu Dec 19 13:57:05 2024
#Z /mnt/storage/users/PLS_9AManager/2024-12-19/HS-LG_1st_250C_74_0076.tif 1.0 0 1002 301.09 19.780 0.6268 0.0 0.0 214.3 1529.0 Thu Dec 19 13:57:36 2024
#Z /mnt/storage/users/PLS_9AManager/2024-12-19/HS-LG_1st_250C_75_0077.tif 1.0 0 1009 300.75 19.780 0.6268 0.0 0.0 217.0 1529.0 Thu Dec 19 13:58:08 2024
#Z /mnt/storage/users/PLS_9AManager/2024-12-19/HS-LG_1st_250C_76_0078.tif 1.0 0 1003 300.42 19.780 0.6268 0.0 0.0 219.6 1529.0 Thu Dec 19 13:58:40 2024
#Z /mnt/storage/users/PLS_9AManager/2024-12-19/HS-LG_1st_250C_77_0079.tif 1.0 0 1000 300.09 19.780 0.6268 0.0 0.0 222.2 1529.0 Thu Dec 19 13:59:11 2024
#Z /mnt/storage/users/PLS_9AManager/2024-12-19/HS-LG_1st_250C_78_0080.tif 1.0 0 1009 301.51 19.780 0.6268 0.0 0.0 224.8 1529.0 Thu Dec 19 13:59:43 2024
#Z /mnt/storage/users/PLS_9AManager/2024-12-19/HS-LG_1st_250C_79_0081.tif 1.0 0 1006 301.17 19.780 0.6268 0.0 0.0 227.4 1529.0 Thu Dec 19 14:00:14 2024
#Z /mnt/storage/users/PLS_9AManager/2024-12-19/HS-LG_1st_250C_80_0082.tif 1.0 0 1014 300.84 19.780 0.6268 0.0 0.0 230.1 1529.0 Thu Dec 19 14:00:46 2024
#Z /mnt/storage/users/PLS_9AManager/2024-12-19/HS-LG_1st_250C_81_0083.tif 1.0 0 1005 300.52 19.780 0.6268 0.0 0.0 232.7 1529.0 Thu Dec 19 14:01:17 2024
#Z /mnt/storage/users/PLS_9AManager/2024-12-19/HS-LG_1st_250C_82_0084.tif 1.0 0 1007 300.20 19.780 0.6268 0.0 0.0 235.3 1529.0 Thu Dec 19 14:01:49 2024
#Z /mnt/storage/users/PLS_9AManager/2024-12-19/HS-LG_1st_250C_83_0085.tif 1.0 0 1006 299.87 19.780 0.6268 0.0 0.0 237.9 1529.0 Thu Dec 19 14:02:20 2024
#Z /mnt/storage/users/PLS_9AManager/2024-12-19/HS-LG_1st_250C_84_0086.tif 1.0 0 1010 301.88 19.780 0.6268 0.0 0.0 240.5 1529.0 Thu Dec 19 14:02:51 2024
#Z /mnt/storage/users/PLS_9AManager/2024-12-19/HS-LG_1st_250C_85_0087.tif 1.0 0 1008 301.56 19.780 0.6268 0.0 0.0 243.2 1529.0 Thu Dec 19 14:03:23 2024
#Z /mnt/storage/users/PLS_9AManager/2024-12-19/HS-LG_1st_250C_86_0088.tif 1.0 0 1006 301.22 19.780 0.6268 0.0 0.0 245.8 1529.0 Thu Dec 19 14:03:54 2024
#Z /mnt/storage/users/PLS_9AManager/2024-12-19/HS-LG_1st_250C_87_0089.tif 1.0 0 1008 300.89 19.780 0.6268 0.0 0.0 248.4 1529.0 Thu Dec 19 14:04:26 2024
#Z /mnt/storage/users/PLS_9AManager/2024-12-19/HS-LG_1st_250C_88_0090.tif 1.0 0 1009 300.57 19.780 0.6268 0.0 0.0 250.5 1529.0 Thu Dec 19 14:04:57 2024
#Z /mnt/storage/users/PLS_9AManager/2024-12-19/HS-LG_1st_250C_89_0091.tif 1.0 0 1005 300.24 19.780 0.6268 0.0 0.0 250.6 1529.0 Thu Dec 19 14:05:29 2024
#Z /mnt/storage/users/PLS_9AManager/2024-12-19/HS-LG_1st_250C_90_0092.tif 1.0 0 1013 301.65 19.780 0.6268 0.0 0.0 250.3 1529.0 Thu Dec 19 14:06:01 2024
#Z /mnt/storage/users/PLS_9AManager/2024-12-19/HS-LG_1st_250C_91_0093.tif 1.0 0 1010 301.32 19.780 0.6268 0.0 0.0 250.2 1529.0 Thu Dec 19 14:06:32 2024
#Z /mnt/storage/users/PLS_9AManager/2024-12-19/HS-LG_1st_250C_92_0094.tif 1.0 0 1010 300.99 19.780 0.6268 0.0 0.0 250.1 1529.0 Thu Dec 19 14:07:03 2024
#Z /mnt/storage/users/PLS_9AManager/2024-12-19/HS-LG_1st_250C_93_0095.tif 1.0 0 1005 300.66 19.780 0.6268 0.0 0.0 250.1 1529.0 Thu Dec 19 14:07:35 2024
#Z /mnt/storage/users/PLS_9AManager/2024-12-19/HS-LG_1st_250C_94_0096.tif 1.0 0 1009 300.34 19.780 0.6268 0.0 0.0 250.0 1529.0 Thu Dec 19 14:08:06 2024
#Z /mnt/storage/users/PLS_9AManager/2024-12-19/HS-LG_1st_250C_95_0097.tif 1.0 0 1006 300.02 19.780 0.6268 0.0 0.0 250.0 1529.0 Thu Dec 19 14:08:37 2024
#Z /mnt/storage/users/PLS_9AManager/2024-12-19/HS-LG_1st_250C_96_0098.tif 1.0 0 1010 302.05 19.780 0.6268 0.0 0.0 250.0 1529.0 Thu Dec 19 14:09:09 2024
#Z /mnt/storage/users/PLS_9AManager/2024-12-19/HS-LG_1st_250C_97_0099.tif 1.0 0 1013 301.72 19.780 0.6268 0.0 0.0 250.0 1529.0 Thu Dec 19 14:09:40 2024
#Z /mnt/storage/users/PLS_9AManager/2024-12-19/HS-LG_1st_250C_98_0100.tif 1.0 0 1010 301.40 19.780 0.6268 0.0 0.0 250.0 1529.0 Thu Dec 19 14:10:11 2024
#Z /mnt/storage/users/PLS_9AManager/2024-12-19/HS-LG_1st_250C_99_0101.tif 1.0 0 1009 301.08 19.780 0.6268 0.0 0.0 250.0 1529.0 Thu Dec 19 14:10:43 2024
#Z /mnt/storage/users/PLS_9AManager/2024-12-19/HS-LG_1st_250C_100_0102.tif 1.0 0 1012 300.75 19.780 0.6268 0.0 0.0 250.0 1529.0 Thu Dec 19 14:11:14 2024
#Z /mnt/storage/users/PLS_9AManager/2024-12-19/HS-LG_1st_250C_101_0103.tif 1.0 0 1010 300.43 19.780 0.6268 0.0 0.0 250.0 1529.0 Thu Dec 19 14:11:45 2024
#Z /mnt/storage/users/PLS_9AManager/2024-12-19/HS-LG_1st_250C_102_0104.tif 1.0 0 1013 301.41 19.780 0.6268 0.0 0.0 250.0 1529.0 Thu Dec 19 14:12:17 2024
#Z /mnt/storage/users/PLS_9AManager/2024-12-19/HS-LG_1st_250C_103_0105.tif 1.0 0 1006 301.08 19.780 0.6268 0.0 0.0 250.0 1529.0 Thu Dec 19 14:12:48 2024
#Z /mnt/storage/users/PLS_9AManager/2024-12-19/HS-LG_1st_250C_104_0106.tif 1.0 0 1008 300.75 19.780 0.6268 0.0 0.0 250.1 1529.0 Thu Dec 19 14:13:20 2024
#Z /mnt/storage/users/PLS_9AManager/2024-12-19/HS-LG_1st_250C_105_0107.tif 1.0 0 1011 300.43 19.780 0.6268 0.0 0.0 250.1 1529.0 Thu Dec 19 14:13:51 2024
#Z /mnt/storage/users/PLS_9AManager/2024-12-19/HS-LG_1st_250C_106_0108.tif 1.0 0 1009 300.09 19.780 0.6268 0.0 0.0 250.1 1529.0 Thu Dec 19 14:14:23 2024
#Z /mnt/storage/users/PLS_9AManager/2024-12-19/HS-LG_1st_250C_107_0109.tif 1.0 0 1011 299.78 19.780 0.6268 0.0 0.0 250.0 1529.0 Thu Dec 19 14:14:54 2024
#Z /mnt/storage/users/PLS_9AManager/2024-12-19/HS/HS-LG_1st_cooldown_100C_att4.1667_1sec_0110.tif 1.0 0 1006 300.48 19.780 0.6268 0.0 0.0 99.7 1529.0 Thu Dec 19 14:27:03 2024
#Z /mnt/storage/users/PLS_9AManager/2024-12-19/HS/HS-LG_1st_cooldown_45C_att4.1667_1sec_0111.tif 1.0 0 1002 300.73 19.780 0.6268 0.0 0.0 45.6 1529.0 Thu Dec 19 14:46:05 2024

#S 3  ascan  s2ver -13.5589 -3.5589  20 0.5
#D Thu Dec 19 15:19:13 2024
#T 0.5  (sec)
#G0 0
#G1 0
#G3 0
#G4 0
#Q 
#P0 0.4 430.65 23 -15.49 0.4 0.4 0.4 0.4
#P1 0.4 0.4 0.4 0.4 0.4 0.4 0.4 -0.3875
#P2 0.4 0.4 0.4 0.4 3.6 -3.3 1304.33 1.23524
#P3 -33.8332 1.14226 0 10 0 0 -18.9181 7.35326
#P4 17.96558 21.21894 36.64289 0 0 0 -631.89 -588.5
#P5 -16.5238 6.6292 0.254 0 0 0 -54.3775 -6.251
#P6 5.7362625 12.562741 -0.0300188 0.10707368 0 0 -20.9993 -20.9998
#P7 -20.9993 -0.05011996 0.55013996 -1.6565953 0 0.001 -1.8365 -3.7601
#P8 -3.758 -20 -20 -4.050956 0 0 9.9058 -26.9212
#P9 2.1746845 -1.264158 -4.9800055 0.5942855 0 0 4.8687008 0
#P10 0.02320128 0 -2.9874987 0.2935 -2.4190864 0.0235 0 0
#P11 0 0 0 -11.12083 12.922 0 8.92548 6.92436
#P12 -18.758 -19.450865 -2 -1.25 10.7291 1.6628 2.5 205
#P13 0 -14.2 -41.854493 0.2 9.00625 7.6192 0.02002 -8.5589
#P14 65.16775 1.450176 0 0 0 8.1 84.232 -166.5636
#P15 31.866 -8.6696 142.182 -518.0756 -57 0 0 0
#P16 -0.34051 0 0 -1.9 0 0.000428 -0.0125 0
#P17 0 0 -0.7 0 2.457708 0.1375 
#N 11
#L STG2_VER    Epoch  sec  IC1  PD1  IC2  PD2  ct1  ct2  BS  BS
-13.5589  21023.423 0.5 0 0 0 0 3 0 2 2
-13.0589  21025.573 0.5 0 0 0 0 4 0 2 2
-12.5589  21027.718 0.5 0 0 0 0 3 0 3 3
-12.0589  21029.872 0.5 0 0 0 0 3 0 3 3
-11.5589  21032.017 0.5 0 0 0 0 3 0 3 3
-11.0589  21034.161 0.5 0 0 0 0 3 0 3 3
-10.5589  21036.316 0.5 0 0 0 0 3 0 3 3
#C Thu Dec 19 15:19:35 2024.  Scan aborted after 7 points.

#S 4  ascan  s2ver -13.5589 -3.5589  20 0.5
#D Thu Dec 19 15:20:28 2024
#T 0.5  (sec)
#G0 0
#G1 0
#G3 0
#G4 0
#Q 
#P0 0.4 430.65 23 -15.49 0.4 0.4 0.4 0.4
#P1 0.4 0.4 0.4 0.4 0.4 0.4 0.4 -0.3875
#P2 0.4 0.4 0.4 0.4 3.6 -3.3 1304.33 1.23524
#P3 -33.8332 1.14226 0 10 0 0 -18.9181 7.35326
#P4 17.96558 21.21894 36.64289 0 0 0 -631.89 -588.5
#P5 -16.5238 6.6292 0.254 0 0 0 -54.3775 -6.251
#P6 5.7362625 12.562741 -0.0300188 0.10707368 0 0 -20.9993 -20.9998
#P7 -20.9993 -0.05011996 0.55013996 -1.6565953 0 0.001 -1.8365 -3.7601
#P8 -3.758 -20 -20 -4.050956 0 0 9.9058 -26.9212
#P9 2.1746845 -1.264158 -4.9800055 0.5942855 0 0 4.8687008 0
#P10 0.02320128 0 -2.9874987 0.2935 -2.4190864 0.0235 0 0
#P11 0 0 0 -11.12083 12.922 0 8.92548 6.92436
#P12 -18.758 -19.450865 -2 -1.25 10.7291 1.6628 2.5 205
#P13 0 -14.2 -41.854493 0.2 9.00625 7.6192 0.02002 -8.5589
#P14 5.16775 1.450176 0 0 0 8.1 84.232 -166.5636
#P15 31.866 -8.6696 142.182 -518.0756 -57 0 0 0
#P16 -0.34051 0 0 -1.9 0 0.000428 -0.0125 0
#P17 0 0 -0.7 0 2.457708 0.1375 
#N 11
#L STG2_VER    Epoch  sec  IC1  PD1  IC2  PD2  ct1  ct2  BS  BS
-13.5589  21099.130 0.5 0 0 0 0 3 0 2 2
-13.0589  21101.290 0.5 0 0 0 0 3 0 2 2
-12.5589  21103.445 0.5 0 0 0 0 3 0 2 2
-12.0589  21105.610 0.5 0 0 0 0 3 0 2 2
-11.5589  21107.775 0.5 0 0 0 0 3 0 3 3
-11.0589  21109.930 0.5 0 0 0 0 3 0 2 2
-10.5589  21112.075 0.5 0 0 0 0 2 0 1047 1047
-10.0589  21114.220 0.5 0 0 0 0 0 0 2227 2227
-9.5589  21116.375 0.5 0 0 0 0 0 0 2232 2232
-9.0589  21118.540 0.5 0 0 0 0 0 0 2219 2219
-8.5589  21120.685 0.5 0 0 0 0 0 0 2234 2234
-8.0589  21122.840 0.5 0 0 0 0 0 0 2227 2227
-7.5589  21124.984 0.5 0 0 0 0 0 0 2238 2238
-7.0589  21127.129 0.5 0 0 0 0 0 0 2252 2252
-6.5589  21129.274 0.5 0 0 0 0 0 0 2233 2233
-6.0589  21131.419 0.5 0 0 0 0 0 0 2227 2227
-5.5589  21133.574 0.5 0 0 0 0 3 0 3 3
-5.0589  21135.740 0.5 0 0 0 0 3 0 2 2
-4.5589  21137.894 0.5 0 0 0 0 3 0 3 3
-4.0589  21140.049 0.5 0 0 0 0 3 0 3 3
-3.5589  21142.204 0.5 0 0 0 0 3 0 2 2

#S 5  ascan  s2hor 0.16775 10.1677  20 0.5
#D Thu Dec 19 15:21:22 2024
#T 0.5  (sec)
#G0 0
#G1 0
#G3 0
#G4 0
#Q 
#P0 0.4 430.65 23 -15.49 0.4 0.4 0.4 0.4
#P1 0.4 0.4 0.4 0.4 0.4 0.4 0.4 -0.3875
#P2 0.4 0.4 0.4 0.4 3.6 -3.3 1304.33 1.23524
#P3 -33.8332 1.14226 0 10 0 0 -18.9181 7.35326
#P4 17.96558 21.21894 36.64289 0 0 0 -631.89 -588.5
#P5 -16.5238 6.6292 0.254 0 0 0 -54.3775 -6.251
#P6 5.7362625 12.562741 -0.0300188 0.10707368 0 0 -20.9993 -20.9998
#P7 -20.9993 -0.05011996 0.55013996 -1.6565953 0 0.001 -1.8365 -3.7601
#P8 -3.758 -20 -20 -4.050956 0 0 9.9058 -26.9212
#P9 2.1746845 -1.264158 -4.9800055 0.5942855 0 0 4.8687008 0
#P10 0.02320128 0 -2.9874987 0.2935 -2.4190864 0.0235 0 0
#P11 0 0 0 -11.12083 12.922 0 8.92548 6.92436
#P12 -18.758 -19.450865 -2 -1.25 10.7291 1.6628 2.5 205
#P13 0 -14.2 -41.854493 0.2 9.00625 7.6192 0.02002 -8.1684
#P14 5.16775 1.450176 0 0 0 8.1 84.232 -166.5636
#P15 31.866 -8.6696 142.182 -518.0756 -57 0 0 0
#P16 -0.34051 0 0 -1.9 0 0.000428 -0.0125 0
#P17 0 0 -0.7 0 2.457708 0.1375 
#N 11
#L STG2_HOR    Epoch  sec  IC1  PD1  IC2  PD2  ct1  ct2  BS  BS
0.16775  21151.747 0.5 0 0 0 0 3 0 2 2
0.66775  21153.906 0.5 0 0 0 0 3 0 3 3
1.16775  21156.061 0.5 0 0 0 0 3 0 2 2
1.66775  21158.216 0.5 0 0 0 0 3 0 3 3
2.16775  21160.370 0.5 0 0 0 0 2 0 3 3
2.66775  21162.532 0.5 0 0 0 0 3 0 2 2
3.16775  21164.687 0.5 0 0 0 0 0 0 1727 1727
3.66775  21166.821 0.5 0 0 0 0 0 0 2232 2232
4.16775  21168.966 0.5 0 0 0 0 0 0 2228 2228
4.66775  21171.111 0.5 0 0 0 0 0 0 2223 2223
5.16775  21173.266 0.5 0 0 0 0 0 0 2210 2210
5.66775  21175.411 0.5 0 0 0 0 0 0 2217 2217
6.16775  21177.576 0.5 0 0 0 0 0 0 2228 2228
6.66775  21179.722 0.5 0 0 0 0 0 0 2231 2231
7.16775  21181.866 0.5 0 0 0 0 0 0 2229 2229
7.66775  21184.021 0.5 0 0 0 0 3 0 370 370
8.16775  21186.166 0.5 0 0 0 0 3 0 3 3
8.66775  21188.321 0.5 0 0 0 0 3 0 2 2
9.16775  21190.476 0.5 0 0 0 0 4 0 3 3
9.66775  21192.630 0.5 0 0 0 0 3 0 3 3
10.16775  21194.783 0.5 0 0 0 0 3 0 2 2
#Z /mnt/storage/users/PLS_9AManager/2024-12-19/HS-LG_2nd_500C_1_0112.tif 1.0 0 977 300.24 19.780 0.6268 0.0 0.0 24.6 1529.0 Thu Dec 19 15:24:31 2024
#Z /mnt/storage/users/PLS_9AManager/2024-12-19/HS-LG_2nd_500C_2_0113.tif 1.0 0 978 300.07 19.780 0.6268 0.0 0.0 25.0 1529.0 Thu Dec 19 15:24:47 2024
#Z /mnt/storage/users/PLS_9AManager/2024-12-19/HS-LG_2nd_500C_3_0114.tif 1.0 0 977 299.91 19.780 0.6268 0.0 0.0 27.0 1529.0 Thu Dec 19 15:25:03 2024
#Z /mnt/storage/users/PLS_9AManager/2024-12-19/HS-LG_2nd_500C_4_0115.tif 1.0 0 978 299.74 19.780 0.6268 0.0 0.0 29.5 1529.0 Thu Dec 19 15:25:18 2024
#Z /mnt/storage/users/PLS_9AManager/2024-12-19/HS-LG_2nd_500C_5_0116.tif 1.0 0 976 301.60 19.780 0.6268 0.0 0.0 32.2 1529.0 Thu Dec 19 15:25:34 2024
#Z /mnt/storage/users/PLS_9AManager/2024-12-19/HS-LG_2nd_500C_6_0117.tif 1.0 0 982 301.75 19.780 0.6268 0.0 0.0 35.0 1529.0 Thu Dec 19 15:25:50 2024
#Z /mnt/storage/users/PLS_9AManager/2024-12-19/HS-LG_2nd_500C_7_0118.tif 1.0 0 982 301.59 19.780 0.6268 0.0 0.0 37.8 1529.0 Thu Dec 19 15:26:06 2024
#Z /mnt/storage/users/PLS_9AManager/2024-12-19/HS-LG_2nd_500C_8_0119.tif 1.0 0 979 301.42 19.780 0.6268 0.0 0.0 40.6 1529.0 Thu Dec 19 15:26:22 2024
#Z /mnt/storage/users/PLS_9AManager/2024-12-19/HS-LG_2nd_500C_9_0120.tif 1.0 0 980 301.25 19.780 0.6268 0.0 0.0 43.5 1529.0 Thu Dec 19 15:26:37 2024
#Z /mnt/storage/users/PLS_9AManager/2024-12-19/HS-LG_2nd_500C_10_0121.tif 1.0 0 982 301.09 19.780 0.6268 0.0 0.0 46.2 1529.0 Thu Dec 19 15:26:53 2024
#Z /mnt/storage/users/PLS_9AManager/2024-12-19/HS-LG_2nd_500C_11_0122.tif 1.0 0 982 300.93 19.780 0.6268 0.0 0.0 48.9 1529.0 Thu Dec 19 15:27:09 2024
#Z /mnt/storage/users/PLS_9AManager/2024-12-19/HS-LG_2nd_500C_12_0123.tif 1.0 0 982 300.77 19.780 0.6268 0.0 0.0 51.6 1529.0 Thu Dec 19 15:27:25 2024
#Z /mnt/storage/users/PLS_9AManager/2024-12-19/HS-LG_2nd_500C_13_0124.tif 1.0 0 983 300.60 19.780 0.6268 0.0 0.0 54.2 1529.0 Thu Dec 19 15:27:41 2024
#Z /mnt/storage/users/PLS_9AManager/2024-12-19/HS-LG_2nd_500C_14_0125.tif 1.0 0 982 300.43 19.780 0.6268 0.0 0.0 56.9 1529.0 Thu Dec 19 15:27:56 2024
#Z /mnt/storage/users/PLS_9AManager/2024-12-19/HS-LG_2nd_500C_15_0126.tif 1.0 0 981 300.27 19.780 0.6268 0.0 0.0 59.5 1529.0 Thu Dec 19 15:28:12 2024
#Z /mnt/storage/users/PLS_9AManager/2024-12-19/HS-LG_2nd_500C_16_0127.tif 1.0 0 984 300.12 19.780 0.6268 0.0 0.0 62.2 1529.0 Thu Dec 19 15:28:28 2024
#Z /mnt/storage/users/PLS_9AManager/2024-12-19/HS-LG_2nd_500C_17_0128.tif 1.0 0 974 301.32 19.780 0.6268 0.0 0.0 64.9 1529.0 Thu Dec 19 15:28:44 2024
#Z /mnt/storage/users/PLS_9AManager/2024-12-19/HS-LG_2nd_500C_18_0129.tif 1.0 0 985 301.59 19.780 0.6268 0.0 0.0 67.5 1529.0 Thu Dec 19 15:29:00 2024
#Z /mnt/storage/users/PLS_9AManager/2024-12-19/HS-LG_2nd_500C_19_0130.tif 1.0 0 983 301.42 19.780 0.6268 0.0 0.0 70.1 1529.0 Thu Dec 19 15:29:15 2024
#Z /mnt/storage/users/PLS_9AManager/2024-12-19/HS-LG_2nd_500C_20_0131.tif 1.0 0 982 301.26 19.780 0.6268 0.0 0.0 72.8 1529.0 Thu Dec 19 15:29:31 2024
#Z /mnt/storage/users/PLS_9AManager/2024-12-19/HS-LG_2nd_500C_21_0132.tif 1.0 0 982 301.10 19.780 0.6268 0.0 0.0 75.4 1529.0 Thu Dec 19 15:29:47 2024
#Z /mnt/storage/users/PLS_9AManager/2024-12-19/HS-LG_2nd_500C_22_0133.tif 1.0 0 984 300.94 19.780 0.6268 0.0 0.0 78.1 1529.0 Thu Dec 19 15:30:03 2024
#Z /mnt/storage/users/PLS_9AManager/2024-12-19/HS-LG_2nd_500C_23_0134.tif 1.0 0 982 300.77 19.780 0.6268 0.0 0.0 80.7 1529.0 Thu Dec 19 15:30:19 2024
#Z /mnt/storage/users/PLS_9AManager/2024-12-19/HS-LG_2nd_500C_24_0135.tif 1.0 0 983 300.61 19.780 0.6268 0.0 0.0 83.2 1529.0 Thu Dec 19 15:30:34 2024
#Z /mnt/storage/users/PLS_9AManager/2024-12-19/HS-LG_2nd_500C_25_0136.tif 1.0 0 979 300.44 19.780 0.6268 0.0 0.0 85.8 1529.0 Thu Dec 19 15:30:50 2024
#Z /mnt/storage/users/PLS_9AManager/2024-12-19/HS-LG_2nd_500C_26_0137.tif 1.0 0 981 300.29 19.780 0.6268 0.0 0.0 88.7 1529.0 Thu Dec 19 15:31:06 2024
#Z /mnt/storage/users/PLS_9AManager/2024-12-19/HS-LG_2nd_500C_27_0138.tif 1.0 0 981 300.12 19.780 0.6268 0.0 0.0 91.3 1529.0 Thu Dec 19 15:31:22 2024
#Z /mnt/storage/users/PLS_9AManager/2024-12-19/HS-LG_2nd_500C_28_0139.tif 1.0 0 982 299.96 19.780 0.6268 0.0 0.0 93.9 1529.0 Thu Dec 19 15:31:38 2024
#Z /mnt/storage/users/PLS_9AManager/2024-12-19/HS-LG_2nd_500C_29_0140.tif 1.0 0 974 300.56 19.780 0.6268 0.0 0.0 96.5 1529.0 Thu Dec 19 15:31:53 2024
#Z /mnt/storage/users/PLS_9AManager/2024-12-19/HS-LG_2nd_500C_30_0141.tif 1.0 0 980 301.54 19.780 0.6268 0.0 0.0 99.1 1529.0 Thu Dec 19 15:32:09 2024
#Z /mnt/storage/users/PLS_9AManager/2024-12-19/HS-LG_2nd_500C_31_0142.tif 1.0 0 988 301.37 19.780 0.6268 0.0 0.0 101.7 1529.0 Thu Dec 19 15:32:25 2024
#Z /mnt/storage/users/PLS_9AManager/2024-12-19/HS-LG_2nd_500C_32_0143.tif 1.0 0 983 301.21 19.780 0.6268 0.0 0.0 104.4 1529.0 Thu Dec 19 15:32:41 2024
#Z /mnt/storage/users/PLS_9AManager/2024-12-19/HS-LG_2nd_500C_33_0144.tif 1.0 0 983 301.04 19.780 0.6268 0.0 0.0 107.1 1529.0 Thu Dec 19 15:32:57 2024
#Z /mnt/storage/users/PLS_9AManager/2024-12-19/HS-LG_2nd_500C_34_0145.tif 1.0 0 982 300.88 19.780 0.6268 0.0 0.0 109.6 1529.0 Thu Dec 19 15:33:12 2024
#Z /mnt/storage/users/PLS_9AManager/2024-12-19/HS-LG_2nd_500C_35_0146.tif 1.0 0 984 300.71 19.780 0.6268 0.0 0.0 112.4 1529.0 Thu Dec 19 15:33:28 2024
#Z /mnt/storage/users/PLS_9AManager/2024-12-19/HS-LG_2nd_500C_36_0147.tif 1.0 0 982 300.55 19.780 0.6268 0.0 0.0 115.0 1529.0 Thu Dec 19 15:33:44 2024
#Z /mnt/storage/users/PLS_9AManager/2024-12-19/HS-LG_2nd_500C_37_0148.tif 1.0 0 990 300.39 19.780 0.6268 0.0 0.0 117.6 1529.0 Thu Dec 19 15:34:00 2024
#Z /mnt/storage/users/PLS_9AManager/2024-12-19/HS-LG_2nd_500C_38_0149.tif 1.0 0 981 300.22 19.780 0.6268 0.0 0.0 120.3 1529.0 Thu Dec 19 15:34:16 2024
#Z /mnt/storage/users/PLS_9AManager/2024-12-19/HS-LG_2nd_500C_39_0150.tif 1.0 0 985 300.06 19.780 0.6268 0.0 0.0 122.9 1529.0 Thu Dec 19 15:34:32 2024
#Z /mnt/storage/users/PLS_9AManager/2024-12-19/HS-LG_2nd_500C_40_0151.tif 1.0 0 981 299.89 19.780 0.6268 0.0 0.0 125.5 1529.0 Thu Dec 19 15:34:47 2024
#Z /mnt/storage/users/PLS_9AManager/2024-12-19/HS-LG_2nd_500C_41_0152.tif 1.0 0 976 300.15 19.780 0.6268 0.0 0.0 128.1 1529.0 Thu Dec 19 15:35:03 2024
#Z /mnt/storage/users/PLS_9AManager/2024-12-19/HS-LG_2nd_500C_42_0153.tif 1.0 0 980 301.40 19.780 0.6268 0.0 0.0 130.9 1529.0 Thu Dec 19 15:35:19 2024
#Z /mnt/storage/users/PLS_9AManager/2024-12-19/HS-LG_2nd_500C_43_0154.tif 1.0 0 989 301.24 19.780 0.6268 0.0 0.0 133.5 1529.0 Thu Dec 19 15:35:35 2024
#Z /mnt/storage/users/PLS_9AManager/2024-12-19/HS-LG_2nd_500C_44_0155.tif 1.0 0 985 301.07 19.780 0.6268 0.0 0.0 136.1 1529.0 Thu Dec 19 15:35:51 2024
#Z /mnt/storage/users/PLS_9AManager/2024-12-19/HS-LG_2nd_500C_45_0156.tif 1.0 0 990 300.91 19.780 0.6268 0.0 0.0 138.7 1529.0 Thu Dec 19 15:36:06 2024
#Z /mnt/storage/users/PLS_9AManager/2024-12-19/HS-LG_2nd_500C_46_0157.tif 1.0 0 998 300.74 19.780 0.6268 0.0 0.0 141.2 1529.0 Thu Dec 19 15:36:22 2024
#Z /mnt/storage/users/PLS_9AManager/2024-12-19/HS-LG_2nd_500C_47_0158.tif 1.0 0 965 300.59 19.780 0.6268 0.0 0.0 143.9 1529.0 Thu Dec 19 15:36:38 2024
#Z /mnt/storage/users/PLS_9AManager/2024-12-19/HS-LG_2nd_500C_48_0159.tif 1.0 0 928 300.42 19.780 0.6268 0.0 0.0 146.6 1529.0 Thu Dec 19 15:36:54 2024
#Z /mnt/storage/users/PLS_9AManager/2024-12-19/HS-LG_2nd_500C_49_0160.tif 1.0 0 950 300.26 19.780 0.6268 0.0 0.0 149.2 1529.0 Thu Dec 19 15:37:10 2024
#Z /mnt/storage/users/PLS_9AManager/2024-12-19/HS-LG_2nd_500C_50_0161.tif 1.0 0 947 300.09 19.780 0.6268 0.0 0.0 151.9 1529.0 Thu Dec 19 15:37:25 2024
#Z /mnt/storage/users/PLS_9AManager/2024-12-19/HS-LG_2nd_500C_51_0162.tif 1.0 0 954 299.93 19.780 0.6268 0.0 0.0 154.5 1529.0 Thu Dec 19 15:37:41 2024
#Z /mnt/storage/users/PLS_9AManager/2024-12-19/HS-LG_2nd_500C_52_0163.tif 1.0 0 958 299.77 19.780 0.6268 0.0 0.0 157.2 1529.0 Thu Dec 19 15:37:57 2024
#Z /mnt/storage/users/PLS_9AManager/2024-12-19/HS-LG_2nd_500C_53_0164.tif 1.0 0 964 299.61 19.780 0.6268 0.0 0.0 159.9 1529.0 Thu Dec 19 15:38:13 2024
#Z /mnt/storage/users/PLS_9AManager/2024-12-19/HS-LG_2nd_500C_54_0165.tif 1.0 0 966 301.58 19.780 0.6268 0.0 0.0 162.6 1529.0 Thu Dec 19 15:38:29 2024
#Z /mnt/storage/users/PLS_9AManager/2024-12-19/HS-LG_2nd_500C_55_0166.tif 1.0 0 963 301.42 19.780 0.6268 0.0 0.0 165.1 1529.0 Thu Dec 19 15:38:44 2024
#Z /mnt/storage/users/PLS_9AManager/2024-12-19/HS-LG_2nd_500C_56_0167.tif 1.0 0 977 301.25 19.780 0.6268 0.0 0.0 167.9 1529.0 Thu Dec 19 15:39:00 2024
#Z /mnt/storage/users/PLS_9AManager/2024-12-19/HS-LG_2nd_500C_57_0168.tif 1.0 0 977 301.08 19.780 0.6268 0.0 0.0 170.4 1529.0 Thu Dec 19 15:39:16 2024
#Z /mnt/storage/users/PLS_9AManager/2024-12-19/HS-LG_2nd_500C_58_0169.tif 1.0 0 975 300.93 19.780 0.6268 0.0 0.0 173.2 1529.0 Thu Dec 19 15:39:32 2024
#Z /mnt/storage/users/PLS_9AManager/2024-12-19/HS-LG_2nd_500C_59_0170.tif 1.0 0 974 300.76 19.780 0.6268 0.0 0.0 175.9 1529.0 Thu Dec 19 15:39:48 2024
#Z /mnt/storage/users/PLS_9AManager/2024-12-19/HS-LG_2nd_500C_60_0171.tif 1.0 0 971 300.60 19.780 0.6268 0.0 0.0 178.4 1529.0 Thu Dec 19 15:40:03 2024
#Z /mnt/storage/users/PLS_9AManager/2024-12-19/HS-LG_2nd_500C_61_0172.tif 1.0 0 970 300.44 19.780 0.6268 0.0 0.0 181.1 1529.0 Thu Dec 19 15:40:19 2024
#Z /mnt/storage/users/PLS_9AManager/2024-12-19/HS-LG_2nd_500C_62_0173.tif 1.0 0 972 300.27 19.780 0.6268 0.0 0.0 183.7 1529.0 Thu Dec 19 15:40:35 2024
#Z /mnt/storage/users/PLS_9AManager/2024-12-19/HS-LG_2nd_500C_63_0174.tif 1.0 0 972 300.12 19.780 0.6268 0.0 0.0 186.5 1529.0 Thu Dec 19 15:40:51 2024
#Z /mnt/storage/users/PLS_9AManager/2024-12-19/HS-LG_2nd_500C_64_0175.tif 1.0 0 971 299.95 19.780 0.6268 0.0 0.0 189.0 1529.0 Thu Dec 19 15:41:07 2024
#Z /mnt/storage/users/PLS_9AManager/2024-12-19/HS-LG_2nd_500C_65_0176.tif 1.0 0 972 299.79 19.780 0.6268 0.0 0.0 191.8 1529.0 Thu Dec 19 15:41:23 2024
#Z /mnt/storage/users/PLS_9AManager/2024-12-19/HS-LG_2nd_500C_66_0177.tif 1.0 0 975 302.02 19.780 0.6268 0.0 0.0 194.4 1529.0 Thu Dec 19 15:41:38 2024
#Z /mnt/storage/users/PLS_9AManager/2024-12-19/HS-LG_2nd_500C_67_0178.tif 1.0 0 982 301.86 19.780 0.6268 0.0 0.0 196.9 1529.0 Thu Dec 19 15:41:54 2024
#Z /mnt/storage/users/PLS_9AManager/2024-12-19/HS-LG_2nd_500C_68_0179.tif 1.0 0 981 301.70 19.780 0.6268 0.0 0.0 199.5 1529.0 Thu Dec 19 15:42:10 2024
#Z /mnt/storage/users/PLS_9AManager/2024-12-19/HS-LG_2nd_500C_69_0180.tif 1.0 0 979 301.54 19.780 0.6268 0.0 0.0 202.1 1529.0 Thu Dec 19 15:42:26 2024
#Z /mnt/storage/users/PLS_9AManager/2024-12-19/HS-LG_2nd_500C_70_0181.tif 1.0 0 978 301.37 19.780 0.6268 0.0 0.0 204.7 1529.0 Thu Dec 19 15:42:42 2024
#Z /mnt/storage/users/PLS_9AManager/2024-12-19/HS-LG_2nd_500C_71_0182.tif 1.0 0 979 301.21 19.780 0.6268 0.0 0.0 207.5 1529.0 Thu Dec 19 15:42:57 2024
#Z /mnt/storage/users/PLS_9AManager/2024-12-19/HS-LG_2nd_500C_72_0183.tif 1.0 0 979 301.04 19.780 0.6268 0.0 0.0 210.1 1529.0 Thu Dec 19 15:43:13 2024
#Z /mnt/storage/users/PLS_9AManager/2024-12-19/HS-LG_2nd_500C_73_0184.tif 1.0 0 980 300.89 19.780 0.6268 0.0 0.0 212.8 1529.0 Thu Dec 19 15:43:29 2024
#Z /mnt/storage/users/PLS_9AManager/2024-12-19/HS-LG_2nd_500C_74_0185.tif 1.0 0 979 300.72 19.780 0.6268 0.0 0.0 215.4 1529.0 Thu Dec 19 15:43:45 2024
#Z /mnt/storage/users/PLS_9AManager/2024-12-19/HS-LG_2nd_500C_75_0186.tif 1.0 0 980 300.56 19.780 0.6268 0.0 0.0 218.0 1529.0 Thu Dec 19 15:44:01 2024
#Z /mnt/storage/users/PLS_9AManager/2024-12-19/HS-LG_2nd_500C_76_0187.tif 1.0 0 978 300.40 19.780 0.6268 0.0 0.0 220.7 1529.0 Thu Dec 19 15:44:16 2024
#Z /mnt/storage/users/PLS_9AManager/2024-12-19/HS-LG_2nd_500C_77_0188.tif 1.0 0 979 300.23 19.780 0.6268 0.0 0.0 223.2 1529.0 Thu Dec 19 15:44:32 2024
#Z /mnt/storage/users/PLS_9AManager/2024-12-19/HS-LG_2nd_500C_78_0189.tif 1.0 0 989 301.96 19.780 0.6268 0.0 0.0 225.9 1529.0 Thu Dec 19 15:44:48 2024
#Z /mnt/storage/users/PLS_9AManager/2024-12-19/HS-LG_2nd_500C_79_0190.tif 1.0 0 984 301.81 19.780 0.6268 0.0 0.0 223.6 1529.0 Thu Dec 19 15:45:04 2024
#Z /mnt/storage/users/PLS_9AManager/2024-12-19/HS-LG_2nd_500C_80_0191.tif 1.0 0 982 301.65 19.780 0.6268 0.0 0.0 216.7 1529.0 Thu Dec 19 15:45:20 2024
#Z /mnt/storage/users/PLS_9AManager/2024-12-19/HS-LG_2nd_500C_81_0192.tif 1.0 0 985 301.48 19.780 0.6268 0.0 0.0 210.1 1529.0 Thu Dec 19 15:45:36 2024
#Z /mnt/storage/users/PLS_9AManager/2024-12-19/HS-LG_2nd_500C_82_0193.tif 1.0 0 981 301.32 19.780 0.6268 0.0 0.0 204.5 1529.0 Thu Dec 19 15:45:51 2024
#Z /mnt/storage/users/PLS_9AManager/2024-12-19/HS-LG_2nd_500C_83_0194.tif 1.0 0 981 301.15 19.780 0.6268 0.0 0.0 224.0 1529.0 Thu Dec 19 15:46:07 2024
#Z /mnt/storage/users/PLS_9AManager/2024-12-19/HS-LG_2nd_500C_84_0195.tif 1.0 0 987 300.99 19.780 0.6268 0.0 0.0 247.4 1529.0 Thu Dec 19 15:46:23 2024
#Z /mnt/storage/users/PLS_9AManager/2024-12-19/HS-LG_2nd_500C_85_0196.tif 1.0 0 990 300.84 19.780 0.6268 0.0 0.0 254.0 1529.0 Thu Dec 19 15:46:39 2024
#Z /mnt/storage/users/PLS_9AManager/2024-12-19/HS-LG_2nd_500C_86_0197.tif 1.0 0 991 300.67 19.780 0.6268 0.0 0.0 257.4 1529.0 Thu Dec 19 15:46:55 2024
#Z /mnt/storage/users/PLS_9AManager/2024-12-19/HS-LG_2nd_500C_87_0198.tif 1.0 0 991 300.51 19.780 0.6268 0.0 0.0 258.5 1529.0 Thu Dec 19 15:47:11 2024
#Z /mnt/storage/users/PLS_9AManager/2024-12-19/HS-LG_2nd_500C_88_0199.tif 1.0 0 990 300.35 19.780 0.6268 0.0 0.0 259.1 1529.0 Thu Dec 19 15:47:26 2024
#Z /mnt/storage/users/PLS_9AManager/2024-12-19/HS-LG_2nd_500C_89_0200.tif 1.0 0 990 300.18 19.780 0.6268 0.0 0.0 259.8 1529.0 Thu Dec 19 15:47:42 2024
#Z /mnt/storage/users/PLS_9AManager/2024-12-19/HS-LG_2nd_500C_90_0201.tif 1.0 0 994 301.60 19.780 0.6268 0.0 0.0 260.9 1529.0 Thu Dec 19 15:47:58 2024
#Z /mnt/storage/users/PLS_9AManager/2024-12-19/HS-LG_2nd_500C_91_0202.tif 1.0 0 998 301.42 19.780 0.6268 0.0 0.0 262.4 1529.0 Thu Dec 19 15:48:15 2024
#Z /mnt/storage/users/PLS_9AManager/2024-12-19/HS-LG_2nd_500C_92_0203.tif 1.0 0 999 301.25 19.780 0.6268 0.0 0.0 264.2 1529.0 Thu Dec 19 15:48:30 2024
#Z /mnt/storage/users/PLS_9AManager/2024-12-19/HS-LG_2nd_500C_93_0204.tif 1.0 0 993 301.09 19.780 0.6268 0.0 0.0 266.2 1529.0 Thu Dec 19 15:48:46 2024
#Z /mnt/storage/users/PLS_9AManager/2024-12-19/HS-LG_2nd_500C_94_0205.tif 1.0 0 993 300.93 19.780 0.6268 0.0 0.0 268.6 1529.0 Thu Dec 19 15:49:02 2024
#Z /mnt/storage/users/PLS_9AManager/2024-12-19/HS-LG_2nd_500C_95_0206.tif 1.0 0 1025 300.78 19.780 0.6268 0.0 0.0 271.1 1529.0 Thu Dec 19 15:49:18 2024
#Z /mnt/storage/users/PLS_9AManager/2024-12-19/HS-LG_2nd_500C_96_0207.tif 1.0 0 995 300.61 19.780 0.6268 0.0 0.0 273.7 1529.0 Thu Dec 19 15:49:34 2024
#Z /mnt/storage/users/PLS_9AManager/2024-12-19/HS-LG_2nd_500C_97_0208.tif 1.0 0 995 300.45 19.780 0.6268 0.0 0.0 276.0 1529.0 Thu Dec 19 15:49:50 2024
#Z /mnt/storage/users/PLS_9AManager/2024-12-19/HS-LG_2nd_500C_98_0209.tif 1.0 0 995 300.28 19.780 0.6268 0.0 0.0 278.7 1529.0 Thu Dec 19 15:50:05 2024
#Z /mnt/storage/users/PLS_9AManager/2024-12-19/HS-LG_2nd_500C_99_0210.tif 1.0 0 999 300.12 19.780 0.6268 0.0 0.0 281.3 1529.0 Thu Dec 19 15:50:21 2024
#Z /mnt/storage/users/PLS_9AManager/2024-12-19/HS-LG_2nd_500C_100_0211.tif 1.0 0 995 299.97 19.780 0.6268 0.0 0.0 283.9 1529.0 Thu Dec 19 15:50:37 2024
#Z /mnt/storage/users/PLS_9AManager/2024-12-19/HS-LG_2nd_500C_101_0212.tif 1.0 0 991 299.81 19.780 0.6268 0.0 0.0 286.5 1529.0 Thu Dec 19 15:50:53 2024
#Z /mnt/storage/users/PLS_9AManager/2024-12-19/HS-LG_2nd_500C_102_0213.tif 1.0 0 998 302.10 19.780 0.6268 0.0 0.0 289.1 1529.0 Thu Dec 19 15:51:08 2024
#Z /mnt/storage/users/PLS_9AManager/2024-12-19/HS-LG_2nd_500C_103_0214.tif 1.0 0 996 301.94 19.780 0.6268 0.0 0.0 291.9 1529.0 Thu Dec 19 15:51:24 2024
#Z /mnt/storage/users/PLS_9AManager/2024-12-19/HS-LG_2nd_500C_104_0215.tif 1.0 0 998 301.78 19.780 0.6268 0.0 0.0 294.5 1529.0 Thu Dec 19 15:51:40 2024
#Z /mnt/storage/users/PLS_9AManager/2024-12-19/HS-LG_2nd_500C_105_0216.tif 1.0 0 999 301.62 19.780 0.6268 0.0 0.0 297.1 1529.0 Thu Dec 19 15:51:56 2024
#Z /mnt/storage/users/PLS_9AManager/2024-12-19/HS-LG_2nd_500C_106_0217.tif 1.0 0 997 301.45 19.780 0.6268 0.0 0.0 299.8 1529.0 Thu Dec 19 15:52:11 2024
#Z /mnt/storage/users/PLS_9AManager/2024-12-19/HS-LG_2nd_500C_107_0218.tif 1.0 0 998 301.29 19.780 0.6268 0.0 0.0 302.4 1529.0 Thu Dec 19 15:52:27 2024
#Z /mnt/storage/users/PLS_9AManager/2024-12-19/HS-LG_2nd_500C_108_0219.tif 1.0 0 996 301.13 19.780 0.6268 0.0 0.0 305.0 1529.0 Thu Dec 19 15:52:43 2024
#Z /mnt/storage/users/PLS_9AManager/2024-12-19/HS-LG_2nd_500C_109_0220.tif 1.0 0 995 300.97 19.780 0.6268 0.0 0.0 307.6 1529.0 Thu Dec 19 15:52:59 2024
#Z /mnt/storage/users/PLS_9AManager/2024-12-19/HS-LG_2nd_500C_110_0221.tif 1.0 0 995 300.80 19.780 0.6268 0.0 0.0 309.7 1529.0 Thu Dec 19 15:53:14 2024
#Z /mnt/storage/users/PLS_9AManager/2024-12-19/HS-LG_2nd_500C_111_0222.tif 1.0 0 996 300.64 19.780 0.6268 0.0 0.0 313.1 1529.0 Thu Dec 19 15:53:30 2024
#Z /mnt/storage/users/PLS_9AManager/2024-12-19/HS-LG_2nd_500C_112_0223.tif 1.0 0 999 300.48 19.780 0.6268 0.0 0.0 315.8 1529.0 Thu Dec 19 15:53:47 2024
#Z /mnt/storage/users/PLS_9AManager/2024-12-19/HS-LG_2nd_500C_113_0224.tif 1.0 0 997 300.31 19.780 0.6268 0.0 0.0 318.0 1529.0 Thu Dec 19 15:54:03 2024
#Z /mnt/storage/users/PLS_9AManager/2024-12-19/HS-LG_2nd_500C_114_0225.tif 1.0 0 999 301.49 19.780 0.6268 0.0 0.0 325.5 1529.0 Thu Dec 19 15:54:19 2024
#Z /mnt/storage/users/PLS_9AManager/2024-12-19/HS-LG_2nd_500C_115_0226.tif 1.0 0 1007 301.33 19.780 0.6268 0.0 0.0 326.3 1529.0 Thu Dec 19 15:54:34 2024
#Z /mnt/storage/users/PLS_9AManager/2024-12-19/HS-LG_2nd_500C_116_0227.tif 1.0 0 1001 301.16 19.780 0.6268 0.0 0.0 333.2 1529.0 Thu Dec 19 15:54:50 2024
#Z /mnt/storage/users/PLS_9AManager/2024-12-19/HS-LG_2nd_500C_117_0228.tif 1.0 0 999 301.01 19.780 0.6268 0.0 0.0 334.7 1529.0 Thu Dec 19 15:55:06 2024
#Z /mnt/storage/users/PLS_9AManager/2024-12-19/HS-LG_2nd_500C_118_0229.tif 1.0 0 991 300.85 19.780 0.6268 0.0 0.0 337.6 1529.0 Thu Dec 19 15:55:22 2024
#Z /mnt/storage/users/PLS_9AManager/2024-12-19/HS-LG_2nd_500C_119_0230.tif 1.0 0 995 300.68 19.780 0.6268 0.0 0.0 342.1 1529.0 Thu Dec 19 15:55:38 2024
#Z /mnt/storage/users/PLS_9AManager/2024-12-19/HS-LG_2nd_500C_120_0231.tif 1.0 0 999 300.51 19.780 0.6268 0.0 0.0 341.0 1529.0 Thu Dec 19 15:55:53 2024
#Z /mnt/storage/users/PLS_9AManager/2024-12-19/HS-LG_2nd_500C_121_0232.tif 1.0 0 992 300.35 19.780 0.6268 0.0 0.0 348.4 1529.0 Thu Dec 19 15:56:09 2024
#Z /mnt/storage/users/PLS_9AManager/2024-12-19/HS-LG_2nd_500C_122_0233.tif 1.0 0 996 300.20 19.780 0.6268 0.0 0.0 344.7 1529.0 Thu Dec 19 15:56:25 2024
#Z /mnt/storage/users/PLS_9AManager/2024-12-19/HS-LG_2nd_500C_123_0234.tif 1.0 0 993 300.03 19.780 0.6268 0.0 0.0 354.1 1529.0 Thu Dec 19 15:56:41 2024
#Z /mnt/storage/users/PLS_9AManager/2024-12-19/HS-LG_2nd_500C_124_0235.tif 1.0 0 996 299.87 19.780 0.6268 0.0 0.0 349.3 1529.0 Thu Dec 19 15:56:56 2024
#Z /mnt/storage/users/PLS_9AManager/2024-12-19/HS-LG_2nd_500C_125_0236.tif 1.0 0 988 299.70 19.780 0.6268 0.0 0.0 359.7 1529.0 Thu Dec 19 15:57:12 2024
#Z /mnt/storage/users/PLS_9AManager/2024-12-19/HS-LG_2nd_500C_126_0237.tif 1.0 0 998 301.63 19.780 0.6268 0.0 0.0 353.7 1529.0 Thu Dec 19 15:57:28 2024
#Z /mnt/storage/users/PLS_9AManager/2024-12-19/HS-LG_2nd_500C_127_0238.tif 1.0 0 993 301.47 19.780 0.6268 0.0 0.0 365.2 1529.0 Thu Dec 19 15:57:44 2024
#Z /mnt/storage/users/PLS_9AManager/2024-12-19/HS-LG_2nd_500C_128_0239.tif 1.0 0 977 301.31 19.780 0.6268 0.0 0.0 358.5 1529.0 Thu Dec 19 15:58:00 2024
#Z /mnt/storage/users/PLS_9AManager/2024-12-19/HS-LG_2nd_500C_129_0240.tif 1.0 0 955 301.14 19.780 0.6268 0.0 0.0 370.4 1529.0 Thu Dec 19 15:58:15 2024
#Z /mnt/storage/users/PLS_9AManager/2024-12-19/HS-LG_2nd_500C_130_0241.tif 1.0 0 933 300.98 19.780 0.6268 0.0 0.0 363.9 1529.0 Thu Dec 19 15:58:31 2024
#Z /mnt/storage/users/PLS_9AManager/2024-12-19/HS-LG_2nd_500C_131_0242.tif 1.0 0 988 300.82 19.780 0.6268 0.0 0.0 375.4 1529.0 Thu Dec 19 15:58:47 2024
#Z /mnt/storage/users/PLS_9AManager/2024-12-19/HS-LG_2nd_500C_132_0243.tif 1.0 0 937 300.66 19.780 0.6268 0.0 0.0 369.5 1529.0 Thu Dec 19 15:59:03 2024
#Z /mnt/storage/users/PLS_9AManager/2024-12-19/HS-LG_2nd_500C_133_0244.tif 1.0 0 910 300.49 19.780 0.6268 0.0 0.0 380.2 1529.0 Thu Dec 19 15:59:18 2024
#Z /mnt/storage/users/PLS_9AManager/2024-12-19/HS-LG_2nd_500C_134_0245.tif 1.0 0 902 300.33 19.780 0.6268 0.0 0.0 374.5 1529.0 Thu Dec 19 15:59:34 2024
#Z /mnt/storage/users/PLS_9AManager/2024-12-19/HS-LG_2nd_500C_135_0246.tif 1.0 0 958 300.17 19.780 0.6268 0.0 0.0 385.4 1529.0 Thu Dec 19 15:59:50 2024
#Z /mnt/storage/users/PLS_9AManager/2024-12-19/HS-LG_2nd_500C_136_0247.tif 1.0 0 960 300.01 19.780 0.6268 0.0 0.0 380.8 1529.0 Thu Dec 19 16:00:06 2024
#Z /mnt/storage/users/PLS_9AManager/2024-12-19/HS-LG_2nd_500C_137_0248.tif 1.0 0 979 299.84 19.780 0.6268 0.0 0.0 390.1 1529.0 Thu Dec 19 16:00:22 2024
#Z /mnt/storage/users/PLS_9AManager/2024-12-19/HS-LG_2nd_500C_138_0249.tif 1.0 0 929 301.98 19.780 0.6268 0.0 0.0 385.8 1529.0 Thu Dec 19 16:00:37 2024
#Z /mnt/storage/users/PLS_9AManager/2024-12-19/HS-LG_2nd_500C_139_0250.tif 1.0 0 965 301.93 19.780 0.6268 0.0 0.0 394.8 1529.0 Thu Dec 19 16:00:53 2024
#Z /mnt/storage/users/PLS_9AManager/2024-12-19/HS-LG_2nd_500C_140_0251.tif 1.0 0 955 301.77 19.780 0.6268 0.0 0.0 391.2 1529.0 Thu Dec 19 16:01:09 2024
#Z /mnt/storage/users/PLS_9AManager/2024-12-19/HS-LG_2nd_500C_141_0252.tif 1.0 0 939 301.61 19.780 0.6268 0.0 0.0 399.5 1529.0 Thu Dec 19 16:01:25 2024
#Z /mnt/storage/users/PLS_9AManager/2024-12-19/HS-LG_2nd_500C_142_0253.tif 1.0 0 912 301.44 19.780 0.6268 0.0 0.0 396.4 1529.0 Thu Dec 19 16:01:40 2024
#Z /mnt/storage/users/PLS_9AManager/2024-12-19/HS-LG_2nd_500C_143_0254.tif 1.0 0 909 301.28 19.780 0.6268 0.0 0.0 404.4 1529.0 Thu Dec 19 16:01:56 2024
#Z /mnt/storage/users/PLS_9AManager/2024-12-19/HS-LG_2nd_500C_144_0255.tif 1.0 0 880 301.12 19.780 0.6268 0.0 0.0 401.3 1529.0 Thu Dec 19 16:02:12 2024
#Z /mnt/storage/users/PLS_9AManager/2024-12-19/HS-LG_2nd_500C_145_0256.tif 1.0 0 891 300.96 19.780 0.6268 0.0 0.0 409.6 1529.0 Thu Dec 19 16:02:28 2024
#Z /mnt/storage/users/PLS_9AManager/2024-12-19/HS-LG_2nd_500C_146_0257.tif 1.0 0 863 300.79 19.780 0.6268 0.0 0.0 406.3 1529.0 Thu Dec 19 16:02:43 2024
#Z /mnt/storage/users/PLS_9AManager/2024-12-19/HS-LG_2nd_500C_147_0258.tif 1.0 0 958 300.63 19.780 0.6268 0.0 0.0 415.6 1529.0 Thu Dec 19 16:02:59 2024
#Z /mnt/storage/users/PLS_9AManager/2024-12-19/HS-LG_2nd_500C_148_0259.tif 1.0 0 878 300.46 19.780 0.6268 0.0 0.0 410.7 1529.0 Thu Dec 19 16:03:15 2024
#Z /mnt/storage/users/PLS_9AManager/2024-12-19/HS-LG_2nd_500C_149_0260.tif 1.0 0 958 300.31 19.780 0.6268 0.0 0.0 420.7 1529.0 Thu Dec 19 16:03:31 2024
#Z /mnt/storage/users/PLS_9AManager/2024-12-19/HS/HS-LG_2nd_cooldown_300C_att4.1667_1sec_0261.tif 1.0 0 970 300.24 19.780 0.6268 0.0 0.0 296.7 1529.0 Thu Dec 19 16:06:36 2024
#Z /mnt/storage/users/PLS_9AManager/2024-12-19/HS/HS-LG_2nd_cooldown_300C_att4.1667_1sec_0262.tif 1.0 0 970 300.11 19.780 0.6268 0.0 0.0 290.6 1529.0 Thu Dec 19 16:06:48 2024
#Z /mnt/storage/users/PLS_9AManager/2024-12-19/HS/HS-LG_2nd_cooldown_250C_att4.1667_1sec_0263.tif 1.0 0 963 300.90 19.780 0.6268 0.0 0.0 249.4 1529.0 Thu Dec 19 16:08:29 2024
#Z /mnt/storage/users/PLS_9AManager/2024-12-19/HS/HS-LG_2nd_cooldown_200C_att4.1667_1sec_0264.tif 1.0 0 963 301.38 19.780 0.6268 0.0 0.0 207.1 1529.0 Thu Dec 19 16:11:29 2024
#Z /mnt/storage/users/PLS_9AManager/2024-12-19/HS/HS-LG_2nd_cooldown_100C_att4.1667_1sec_0265.tif 1.0 0 949 300.41 19.780 0.6268 0.0 0.0 99.8 1529.0 Thu Dec 19 16:21:50 2024
